4 5
0.000000 0.000000
1.006433 1.415127
3.840956 -0.303179
6.000000 0.000000
8.000000 0.000000
8.526968 0.508143
10.402404 0.647002
13.057490 0.586260
10.443810 -0.207292
20.000000 0.000000
0.000000 0.000000
0.000000 0.000000
0.000000 0.000000
0.000000 0.000000
0.000000 0.000000
0.000000 0.000000
0.000000 0.000000
2.000000 0.289784
3.946869 0.174268
6.000000 0.000000
8.248437 -0.129044
10.641796 -0.184348
12.538280 0.000000
17.894163 0.452514
18.120909 -0.502116
20.000000 0.000000
0.000000 0.000000
0.000000 0.000000
0.000000 0.000000
0.000000 0.000000
0.000000 0.000000
0.000000 0.000000
0.000000 0.000000
2.000000 0.000000
4.331250 0.608348
6.000000 0.000000
7.047656 -0.092174
10.517577 -0.165913
12.455468 -0.018435
17.000576 0.375592
17.869598 -0.441772
20.000000 0.000000
0.000000 0.000000
0.000000 0.000000
0.000000 0.000000
0.000000 0.000000
0.000000 0.000000
0.000000 0.000000
0.000000 0.000000
2.000000 0.000000
4.828125 1.253565
6.269141 -0.258087
6.289845 -2.000000
8.074610 0.258087
12.000000 0.000000
18.380190 -0.459013
14.807421 1.822549
19.548435 0.000000
-0.451565 0.000000
0.000000 0.000000
0.000000 0.000000
0.000000 0.000000
0.000000 0.000000
0.000000 0.000000
