4 5
0.000000 0.000000
0.937891 2.000000
1.958593 0.221218
3.000000 0.000000
3.772266 0.000000
7.807422 0.000000
8.973047 0.000000
9.973046 -1.392000
12.898438 -1.548522
14.167579 0.000000
14.401561 0.221217
15.968750 0.000000
16.968750 0.000000
18.182009 0.000000
18.877735 0.000000
20.000000 0.000000
0.000000 0.000000
1.082812 0.940174
2.000000 0.000000
3.000000 0.000000
4.000000 0.000000
5.082812 0.000000
6.082812 0.000000
7.103515 0.000000
9.076564 -0.368696
10.055860 0.000000
11.055860 0.000000
11.000000 0.000000
12.000000 0.000000
14.000001 0.110609
16.931641 0.092174
20.000000 0.000000
0.000000 0.000000
1.331250 0.000000
2.662501 0.000000
3.621094 0.000000
4.372657 0.921739
4.627344 1.106087
5.254688 0.000000
6.130469 0.000000
6.343752 -0.230609
7.550781 0.018435
8.178126 -0.958609
11.000000 0.000000
12.000000 0.000000
13.937891 0.276522
17.345703 0.221218
20.000000 0.000000
0.000000 0.000000
1.000000 1.944696
2.000000 0.000000
3.000000 0.000000
4.000000 0.000000
4.917188 0.000000
6.000000 0.000000
6.855078 -2.000000
7.937890 -2.000000
8.937890 -2.000000
9.937890 -2.000000
11.000000 0.000000
12.000000 0.000000
14.000000 0.000000
16.000000 0.000000
20.000000 0.000000
